== Sampling period: 500 us
== Test mode: periodic user-mode task
== All results in microseconds
warming up...
RTT|  00:00:01  (periodic user-mode task, 500 us period, priority 99)
RTH|----lat min|----lat avg|----lat max|-overrun|---msw|---lat best|--lat worst
RTD|      1.764|     18.649|     55.930|       0|     0|      1.764|     55.930
RTD|      1.765|     18.348|     46.164|       0|     0|      1.764|     55.930
RTD|      1.826|      6.278|     46.192|       0|     0|      1.764|     55.930
RTD|      2.527|      3.962|      4.942|       0|     0|      1.764|     55.930
RTD|      2.550|      3.775|      5.135|       0|     0|      1.764|     55.930
RTD|      1.759|      5.829|     50.957|       0|     0|      1.759|     55.930
RTD|      1.743|     16.498|     54.524|       0|     0|      1.743|     55.930
RTD|      1.747|     15.443|     50.496|       0|     0|      1.743|     55.930
RTD|      1.750|     20.971|     50.797|       0|     0|      1.743|     55.930
RTD|      1.748|     20.618|     51.871|       0|     0|      1.743|     55.930
RTD|      1.751|     16.372|     47.531|       0|     0|      1.743|     55.930
RTD|      1.771|     22.316|     53.673|       0|     0|      1.743|     55.930
RTD|      1.738|     20.245|     47.077|       0|     0|      1.738|     55.930
RTD|      1.754|     17.199|     49.529|       0|     0|      1.738|     55.930
RTD|      1.749|     16.996|     48.691|       0|     0|      1.738|     55.930
RTD|      1.735|     20.727|     53.768|       0|     0|      1.735|     55.930
RTD|      1.742|     17.438|     46.218|       0|     0|      1.735|     55.930
RTD|      1.738|     22.989|     56.594|       0|     0|      1.735|     56.594
RTD|      1.754|     23.963|     60.352|       0|     0|      1.735|     60.352
RTD|      1.758|     25.313|     61.691|       0|     0|      1.735|     61.691
RTD|      1.776|     20.819|     57.714|       0|     0|      1.735|     61.691
RTT|  00:00:22  (periodic user-mode task, 500 us period, priority 99)
RTH|----lat min|----lat avg|----lat max|-overrun|---msw|---lat best|--lat worst
RTD|      1.749|     19.355|     44.661|       0|     0|      1.735|     61.691
RTD|      1.767|     23.439|     50.264|       0|     0|      1.735|     61.691
RTD|      1.740|     19.463|     49.604|       0|     0|      1.735|     61.691
RTD|      1.750|     16.502|     52.575|       0|     0|      1.735|     61.691
RTD|      1.751|     18.540|     48.125|       0|     0|      1.735|     61.691
RTD|      1.779|     17.252|     45.677|       0|     0|      1.735|     61.691
RTD|      1.758|     16.881|     46.673|       0|     0|      1.735|     61.691
RTD|      1.775|     21.111|     49.189|       0|     0|      1.735|     61.691
RTD|      2.072|     24.332|     47.027|       0|     0|      1.735|     61.691
RTD|      1.767|     17.987|     47.403|       0|     0|      1.735|     61.691
RTD|      1.749|     17.777|     58.087|       0|     0|      1.735|     61.691
RTD|      1.784|     17.522|     45.357|       0|     0|      1.735|     61.691
RTD|      2.188|      3.419|      4.565|       0|     0|      1.735|     61.691
RTD|      2.380|      3.350|      4.541|       0|     0|      1.735|     61.691
RTD|      2.262|      3.637|      4.904|       0|     0|      1.735|     61.691
RTD|      2.486|      3.801|      4.650|       0|     0|      1.735|     61.691
RTD|      2.460|      3.753|      4.957|       0|     0|      1.735|     61.691
RTD|      2.658|      3.603|      7.178|       0|     0|      1.735|     61.691
RTD|      1.783|     17.092|     53.764|       0|     0|      1.735|     61.691
RTD|      1.748|     21.142|     64.990|       0|     0|      1.735|     64.990
RTD|      1.772|     20.482|     52.109|       0|     0|      1.735|     64.990
RTT|  00:00:43  (periodic user-mode task, 500 us period, priority 99)
RTH|----lat min|----lat avg|----lat max|-overrun|---msw|---lat best|--lat worst
RTD|      1.760|     19.749|     50.570|       0|     0|      1.735|     64.990
RTD|      1.757|     21.263|     50.970|       0|     0|      1.735|     64.990
RTD|      1.730|     18.880|     49.887|       0|     0|      1.730|     64.990
RTD|      2.204|     26.847|     46.425|       0|     0|      1.730|     64.990
RTD|      1.759|     18.399|     49.191|       0|     0|      1.730|     64.990
RTD|      1.773|     18.929|     49.545|       0|     0|      1.730|     64.990
RTD|      1.741|     18.504|     49.524|       0|     0|      1.730|     64.990
RTD|      1.749|     18.881|     58.077|       0|     0|      1.730|     64.990
RTD|      1.773|     22.175|     50.103|       0|     0|      1.730|     64.990
RTD|      1.751|     23.263|     50.399|       0|     0|      1.730|     64.990
RTD|      1.757|     20.618|     55.419|       0|     0|      1.730|     64.990
RTD|      1.795|     18.583|     49.659|       0|     0|      1.730|     64.990
RTD|      1.779|     19.463|     45.743|       0|     0|      1.730|     64.990
RTD|      2.093|      3.481|      4.868|       0|     0|      1.730|     64.990
RTD|      2.065|      3.363|      4.513|       0|     0|      1.730|     64.990
RTD|      2.101|      3.564|      4.918|       0|     0|      1.730|     64.990
RTD|      2.424|      3.767|      4.792|       0|     0|      1.730|     64.990
RTD|      2.472|      3.786|      4.924|       0|     0|      1.730|     64.990
RTD|      2.459|      3.543|      4.652|       0|     0|      1.730|     64.990
RTD|      1.762|     13.270|     45.022|       0|     0|      1.730|     64.990
RTD|      1.765|     19.295|     48.651|       0|     0|      1.730|     64.990
RTT|  00:01:04  (periodic user-mode task, 500 us period, priority 99)
RTH|----lat min|----lat avg|----lat max|-overrun|---msw|---lat best|--lat worst
RTD|      1.772|     19.710|     49.497|       0|     0|      1.730|     64.990
RTD|      1.748|     18.799|     47.401|       0|     0|      1.730|     64.990
RTD|      1.754|     16.810|     49.694|       0|     0|      1.730|     64.990
RTD|      1.768|     20.792|     48.160|       0|     0|      1.730|     64.990
RTD|      1.761|     19.156|     55.603|       0|     0|      1.730|     64.990
RTD|      1.743|     17.868|     50.879|       0|     0|      1.730|     64.990
RTD|      1.750|     16.693|     46.963|       0|     0|      1.730|     64.990
RTD|      1.739|     15.894|     51.152|       0|     0|      1.730|     64.990
RTD|      1.755|     16.917|     49.577|       0|     0|      1.730|     64.990
RTD|      1.760|     23.436|     47.507|       0|     0|      1.730|     64.990
RTD|      1.776|     21.533|     57.623|       0|     0|      1.730|     64.990
RTD|      1.747|     22.943|     50.801|       0|     0|      1.730|     64.990
RTD|      1.748|     19.226|     60.532|       0|     0|      1.730|     64.990
RTD|      1.747|     21.745|     51.998|       0|     0|      1.730|     64.990
RTD|      1.988|      3.648|      6.580|       0|     0|      1.730|     64.990
RTD|      2.252|      3.493|      4.701|       0|     0|      1.730|     64.990
RTD|      2.138|      3.698|      4.925|       0|     0|      1.730|     64.990
RTD|      2.567|      3.942|      4.862|       0|     0|      1.730|     64.990
RTD|      2.582|      3.989|      4.709|       0|     0|      1.730|     64.990
RTD|      2.585|      3.639|      4.737|       0|     0|      1.730|     64.990
RTD|      1.766|     10.610|     50.403|       0|     0|      1.730|     64.990
RTT|  00:01:25  (periodic user-mode task, 500 us period, priority 99)
RTH|----lat min|----lat avg|----lat max|-overrun|---msw|---lat best|--lat worst
RTD|      1.748|     19.141|     48.504|       0|     0|      1.730|     64.990
RTD|      1.749|     18.688|     57.462|       0|     0|      1.730|     64.990
RTD|      1.748|     22.753|     59.105|       0|     0|      1.730|     64.990
RTD|      1.770|     16.211|     50.198|       0|     0|      1.730|     64.990
RTD|      1.757|     16.831|     54.123|       0|     0|      1.730|     64.990
RTD|      1.762|     20.679|     57.989|       0|     0|      1.730|     64.990
RTD|      1.754|     21.476|     58.643|       0|     0|      1.730|     64.990
RTD|      1.763|     20.761|     50.398|       0|     0|      1.730|     64.990
RTD|      1.776|     18.944|     48.781|       0|     0|      1.730|     64.990
RTD|      1.749|     16.673|     46.221|       0|     0|      1.730|     64.990
RTD|      1.760|     20.945|     48.402|       0|     0|      1.730|     64.990
RTD|      1.759|     16.353|     49.449|       0|     0|      1.730|     64.990
RTD|      1.748|     20.189|     50.450|       0|     0|      1.730|     64.990
RTD|      1.765|     19.681|     53.142|       0|     0|      1.730|     64.990
RTD|      1.767|     20.024|     51.448|       0|     0|      1.730|     64.990
RTD|      2.217|      7.470|     41.902|       0|     0|      1.730|     64.990
RTD|      2.316|      3.514|      4.572|       0|     0|      1.730|     64.990
RTD|      2.332|      3.575|      4.730|       0|     0|      1.730|     64.990
RTD|      2.549|      3.867|      4.795|       0|     0|      1.730|     64.990
RTD|      2.458|      3.905|      5.157|       0|     0|      1.730|     64.990
RTD|      2.530|      3.575|      4.894|       0|     0|      1.730|     64.990
RTT|  00:01:46  (periodic user-mode task, 500 us period, priority 99)
RTH|----lat min|----lat avg|----lat max|-overrun|---msw|---lat best|--lat worst
RTD|      1.759|     13.704|     47.922|       0|     0|      1.730|     64.990
RTD|      1.732|     19.240|     48.125|       0|     0|      1.730|     64.990
RTD|      1.755|     18.390|     54.503|       0|     0|      1.730|     64.990
RTD|      1.761|     20.933|     47.888|       0|     0|      1.730|     64.990
RTD|      1.741|     20.865|     50.592|       0|     0|      1.730|     64.990
RTD|      1.776|     20.443|     49.620|       0|     0|      1.730|     64.990
RTD|      1.739|     19.354|     52.868|       0|     0|      1.730|     64.990
RTD|      1.753|     17.414|     56.353|       0|     0|      1.730|     64.990
RTD|      1.789|     20.248|     45.938|       0|     0|      1.730|     64.990
RTD|      1.790|     19.105|     50.367|       0|     0|      1.730|     64.990
RTD|      1.797|     21.978|     55.822|       0|     0|      1.730|     64.990
RTD|      1.760|     18.691|     51.608|       0|     0|      1.730|     64.990
RTD|      1.763|     19.664|     54.814|       0|     0|      1.730|     64.990
RTD|      1.791|     24.015|     50.797|       0|     0|      1.730|     64.990
RTD|      1.744|     18.754|     50.365|       0|     0|      1.730|     64.990
RTD|      1.750|     16.017|     49.711|       0|     0|      1.730|     64.990
RTD|      1.749|     20.489|     51.187|       0|     0|      1.730|     64.990
RTD|      1.780|     22.144|     56.742|       0|     0|      1.730|     64.990
RTD|      1.760|     24.542|     50.114|       0|     0|      1.730|     64.990
RTD|      1.747|     20.260|     51.345|       0|     0|      1.730|     64.990
RTD|      1.764|     18.978|     45.192|       0|     0|      1.730|     64.990
RTT|  00:02:07  (periodic user-mode task, 500 us period, priority 99)
RTH|----lat min|----lat avg|----lat max|-overrun|---msw|---lat best|--lat worst
RTD|      1.769|     18.406|     52.864|       0|     0|      1.730|     64.990
RTD|      1.745|     16.124|     51.003|       0|     0|      1.730|     64.990
RTD|      1.762|     15.916|     56.191|       0|     0|      1.730|     64.990
RTD|      1.768|     21.384|     53.732|       0|     0|      1.730|     64.990
RTD|      1.771|     22.958|     53.265|       0|     0|      1.730|     64.990
RTD|      1.757|     20.885|     51.349|       0|     0|      1.730|     64.990
RTD|      2.217|     14.618|     49.736|       0|     0|      1.730|     64.990
RTD|      2.237|      3.728|      4.592|       0|     0|      1.730|     64.990
RTD|      2.219|      3.645|      4.796|       0|     0|      1.730|     64.990
RTD|      2.554|      3.895|      4.874|       0|     0|      1.730|     64.990
RTD|      2.535|      3.870|      4.934|       0|     0|      1.730|     64.990
RTD|      2.490|      3.728|      4.951|       0|     0|      1.730|     64.990
RTD|      1.798|      4.919|     41.688|       0|     0|      1.730|     64.990
RTD|      1.746|     22.963|     49.304|       0|     0|      1.730|     64.990
RTD|      1.768|     20.379|     48.067|       0|     0|      1.730|     64.990
RTD|      1.741|     21.220|     47.859|       0|     0|      1.730|     64.990
RTD|      1.768|     21.351|     53.086|       0|     0|      1.730|     64.990
RTD|      1.720|     18.675|     55.356|       0|     0|      1.720|     64.990
RTD|      1.745|     22.238|     50.385|       0|     0|      1.720|     64.990
RTD|      1.755|     18.530|     54.772|       0|     0|      1.720|     64.990
RTD|      1.744|     16.486|     52.907|       0|     0|      1.720|     64.990
RTT|  00:02:28  (periodic user-mode task, 500 us period, priority 99)
RTH|----lat min|----lat avg|----lat max|-overrun|---msw|---lat best|--lat worst
RTD|      1.754|     13.940|     53.108|       0|     0|      1.720|     64.990
RTD|      1.711|     18.821|     52.420|       0|     0|      1.711|     64.990
RTD|      1.749|     18.259|     50.266|       0|     0|      1.711|     64.990
RTD|      1.759|     19.743|     48.826|       0|     0|      1.711|     64.990
RTD|      1.745|     19.759|     50.632|       0|     0|      1.711|     64.990
RTD|      1.753|     21.634|     54.655|       0|     0|      1.711|     64.990
RTD|      1.759|     18.222|     54.538|       0|     0|      1.711|     64.990
RTD|      1.762|     15.063|     48.968|       0|     0|      1.711|     64.990
RTD|      2.165|      3.750|      4.672|       0|     0|      1.711|     64.990
RTD|      2.168|      3.596|      5.464|       0|     0|      1.711|     64.990
RTD|      2.479|      3.896|      4.906|       0|     0|      1.711|     64.990
RTD|      2.603|      3.923|      4.852|       0|     0|      1.711|     64.990
RTD|      2.534|      3.790|      5.080|       0|     0|      1.711|     64.990
RTD|      2.273|      3.750|      6.922|       0|     0|      1.711|     64.990
RTD|      2.193|      3.695|      7.073|       0|     0|      1.711|     64.990
RTD|      2.255|      3.663|      4.532|       0|     0|      1.711|     64.990
RTD|      2.647|      3.637|      4.666|       0|     0|      1.711|     64.990
RTD|      2.284|      3.487|      5.196|       0|     0|      1.711|     64.990
RTD|      1.792|      6.525|     50.482|       0|     0|      1.711|     64.990
RTD|      1.797|     24.809|     45.806|       0|     0|      1.711|     64.990
RTD|      1.749|     20.001|     54.154|       0|     0|      1.711|     64.990
RTT|  00:02:49  (periodic user-mode task, 500 us period, priority 99)
RTH|----lat min|----lat avg|----lat max|-overrun|---msw|---lat best|--lat worst
RTD|      1.738|     15.959|     53.383|       0|     0|      1.711|     64.990
RTD|      1.752|     16.922|     48.143|       0|     0|      1.711|     64.990
RTD|      1.753|     16.614|     50.178|       0|     0|      1.711|     64.990
RTD|      1.758|     17.315|     48.390|       0|     0|      1.711|     64.990
RTD|      1.769|     21.497|     54.060|       0|     0|      1.711|     64.990
RTD|      1.736|     23.177|     55.484|       0|     0|      1.711|     64.990
RTD|      1.757|     19.282|     51.231|       0|     0|      1.711|     64.990
RTD|      1.740|     21.065|     55.177|       0|     0|      1.711|     64.990
RTD|      1.754|     22.528|     54.917|       0|     0|      1.711|     64.990
RTD|      1.759|     17.431|     53.648|       0|     0|      1.711|     64.990
RTD|      1.744|     19.748|     53.049|       0|     0|      1.711|     64.990
RTD|      1.756|     19.703|     51.015|       0|     0|      1.711|     64.990
RTD|      1.774|     18.913|     53.101|       0|     0|      1.711|     64.990
RTD|      1.738|     19.133|     52.265|       0|     0|      1.711|     64.990
RTD|      1.764|     22.761|     53.288|       0|     0|      1.711|     64.990
RTD|      1.722|     18.792|     52.595|       0|     0|      1.711|     64.990
RTD|      1.764|     20.423|     51.065|       0|     0|      1.711|     64.990
RTD|      1.739|     17.637|     62.172|       0|     0|      1.711|     64.990
RTD|      1.732|     21.297|     50.182|       0|     0|      1.711|     64.990
RTD|      1.727|     18.351|     53.112|       0|     0|      1.711|     64.990
RTD|      1.752|     15.260|     56.598|       0|     0|      1.711|     64.990
RTT|  00:03:10  (periodic user-mode task, 500 us period, priority 99)
RTH|----lat min|----lat avg|----lat max|-overrun|---msw|---lat best|--lat worst
RTD|      1.750|     17.871|     52.264|       0|     0|      1.711|     64.990
RTD|      1.738|     21.790|     54.455|       0|     0|      1.711|     64.990
RTD|      1.747|     17.566|     52.126|       0|     0|      1.711|     64.990
RTD|      1.738|     16.278|     52.984|       0|     0|      1.711|     64.990
RTD|      1.778|     19.029|     46.884|       0|     0|      1.711|     64.990
RTD|      1.746|     19.936|     51.340|       0|     0|      1.711|     64.990
RTD|      1.748|     20.952|     55.451|       0|     0|      1.711|     64.990
RTD|      2.269|      4.023|     40.567|       0|     0|      1.711|     64.990
RTD|      2.229|      3.552|      4.963|       0|     0|      1.711|     64.990
RTD|      2.253|      3.355|      4.833|       0|     0|      1.711|     64.990
RTD|      1.761|     15.744|     52.294|       0|     0|      1.711|     64.990
RTD|      1.777|     20.518|     51.030|       0|     0|      1.711|     64.990
RTD|      1.748|     17.973|     54.133|       0|     0|      1.711|     64.990
RTD|      1.757|     19.797|     52.793|       0|     0|      1.711|     64.990
RTD|      1.784|     16.984|     52.478|       0|     0|      1.711|     64.990
RTD|      1.758|     14.746|     51.972|       0|     0|      1.711|     64.990
RTD|      1.761|     20.555|     53.995|       0|     0|      1.711|     64.990
RTD|      1.761|     21.064|     49.382|       0|     0|      1.711|     64.990
RTD|      1.728|     21.775|     52.083|       0|     0|      1.711|     64.990
RTD|      1.727|     17.437|     51.113|       0|     0|      1.711|     64.990
RTD|      1.733|     18.364|     58.803|       0|     0|      1.711|     64.990
RTT|  00:03:31  (periodic user-mode task, 500 us period, priority 99)
RTH|----lat min|----lat avg|----lat max|-overrun|---msw|---lat best|--lat worst
RTD|      1.744|     18.018|     49.003|       0|     0|      1.711|     64.990
RTD|      1.751|     18.929|     59.103|       0|     0|      1.711|     64.990
RTD|      1.770|     18.700|     47.371|       0|     0|      1.711|     64.990
RTD|      1.757|     17.038|     48.380|       0|     0|      1.711|     64.990
RTD|      1.748|     20.463|     52.849|       0|     0|      1.711|     64.990
RTD|      1.772|     15.788|     48.426|       0|     0|      1.711|     64.990
RTD|      1.735|     17.355|     54.623|       0|     0|      1.711|     64.990
RTD|      1.747|     21.287|     53.595|       0|     0|      1.711|     64.990
RTD|      1.755|     18.860|     53.342|       0|     0|      1.711|     64.990
RTD|      1.748|     21.286|     54.089|       0|     0|      1.711|     64.990
RTD|      1.763|     19.291|     51.837|       0|     0|      1.711|     64.990
RTD|      1.760|     19.464|     54.083|       0|     0|      1.711|     64.990
RTD|      1.812|     24.232|     55.506|       0|     0|      1.711|     64.990
RTD|      2.210|     25.113|     51.471|       0|     0|      1.711|     64.990
RTD|      1.772|     19.199|     53.957|       0|     0|      1.711|     64.990
RTD|      1.760|     16.754|     51.349|       0|     0|      1.711|     64.990
RTD|      1.723|     18.644|     52.037|       0|     0|      1.711|     64.990
RTD|      1.750|     19.396|     62.801|       0|     0|      1.711|     64.990
RTD|      1.838|     25.276|     51.680|       0|     0|      1.711|     64.990
RTD|      1.950|     25.517|     58.949|       0|     0|      1.711|     64.990
RTD|      1.736|     14.143|     54.174|       0|     0|      1.711|     64.990
RTT|  00:03:52  (periodic user-mode task, 500 us period, priority 99)
RTH|----lat min|----lat avg|----lat max|-overrun|---msw|---lat best|--lat worst
RTD|      1.683|     18.013|     60.153|       0|     0|      1.683|     64.990
RTD|      2.126|      3.963|     41.515|       0|     0|      1.683|     64.990
RTD|      2.276|      3.583|      6.371|       0|     0|      1.683|     64.990
RTD|      1.749|      6.899|     53.349|       0|     0|      1.683|     64.990
RTD|      1.744|     14.419|     51.069|       0|     0|      1.683|     64.990
RTD|      1.775|     18.570|     54.569|       0|     0|      1.683|     64.990
RTD|      1.761|     16.266|     57.057|       0|     0|      1.683|     64.990
RTD|      1.753|     22.923|     53.404|       0|     0|      1.683|     64.990
RTD|      1.754|     22.815|     54.930|       0|     0|      1.683|     64.990
RTD|      1.733|     24.716|     60.433|       0|     0|      1.683|     64.990
RTD|      1.777|     19.789|     53.108|       0|     0|      1.683|     64.990
RTD|      1.761|     21.773|     55.774|       0|     0|      1.683|     64.990
RTD|      1.751|     16.057|     56.581|       0|     0|      1.683|     64.990
RTD|      1.743|     23.585|     59.898|       0|     0|      1.683|     64.990
RTD|      1.762|     20.199|     51.489|       0|     0|      1.683|     64.990
RTD|      1.771|     20.152|     54.871|       0|     0|      1.683|     64.990
RTD|      1.769|     16.205|     49.924|       0|     0|      1.683|     64.990
RTD|      1.751|     18.902|     53.386|       0|     0|      1.683|     64.990
RTD|      1.758|     21.874|     54.224|       0|     0|      1.683|     64.990
RTD|      1.818|     25.287|     59.805|       0|     0|      1.683|     64.990
RTD|      1.793|     24.644|     58.378|       0|     0|      1.683|     64.990
RTT|  00:04:13  (periodic user-mode task, 500 us period, priority 99)
RTH|----lat min|----lat avg|----lat max|-overrun|---msw|---lat best|--lat worst
RTD|      1.780|     18.429|     52.098|       0|     0|      1.683|     64.990
RTD|      1.740|     21.154|     53.897|       0|     0|      1.683|     64.990
RTD|      1.781|     23.338|     54.206|       0|     0|      1.683|     64.990
RTD|      1.747|     22.987|     54.393|       0|     0|      1.683|     64.990
RTD|      1.745|     19.748|     52.021|       0|     0|      1.683|     64.990
RTD|      1.762|     17.791|     52.012|       0|     0|      1.683|     64.990
RTD|      1.770|     17.634|     57.437|       0|     0|      1.683|     64.990
RTD|      1.820|     23.130|     51.989|       0|     0|      1.683|     64.990
RTD|      1.756|     17.123|     50.753|       0|     0|      1.683|     64.990
RTD|      1.749|     21.215|     51.597|       0|     0|      1.683|     64.990
RTD|      1.762|     22.439|     54.227|       0|     0|      1.683|     64.990
RTD|      1.722|     18.823|     51.833|       0|     0|      1.683|     64.990
RTD|      1.765|     21.696|     55.216|       0|     0|      1.683|     64.990
RTD|      1.784|     10.671|     47.859|       0|     0|      1.683|     64.990
RTD|      2.128|      3.533|      8.536|       0|     0|      1.683|     64.990
RTD|      2.372|      3.561|      4.703|       0|     0|      1.683|     64.990
RTD|      2.549|      3.824|      4.859|       0|     0|      1.683|     64.990
RTD|      2.410|      3.836|      5.025|       0|     0|      1.683|     64.990
RTD|      2.508|      3.611|      4.882|       0|     0|      1.683|     64.990
RTD|      2.521|     62.911|     90.475|       0|     0|      1.683|     90.475
RTD|      2.213|     65.360|     92.041|       0|     0|      1.683|     92.041
RTT|  00:04:34  (periodic user-mode task, 500 us period, priority 99)
RTH|----lat min|----lat avg|----lat max|-overrun|---msw|---lat best|--lat worst
RTD|      2.816|     65.786|     92.774|       0|     0|      1.683|     92.774
RTD|      2.289|     63.743|     98.787|       0|     0|      1.683|     98.787
RTD|      2.456|     55.380|     93.440|       0|     0|      1.683|     98.787
RTD|      2.754|     62.422|     86.292|       0|     0|      1.683|     98.787
RTD|      2.741|     65.580|     88.708|       0|     0|      1.683|     98.787
RTD|      3.007|     66.415|     91.610|       0|     0|      1.683|     98.787
RTD|      2.600|     64.531|     91.764|       0|     0|      1.683|     98.787
RTD|      2.222|     63.325|     91.857|       0|     0|      1.683|     98.787
RTD|      2.477|     63.013|     92.103|       0|     0|      1.683|     98.787
RTD|      2.874|     64.294|     80.605|       0|     0|      1.683|     98.787
RTD|      2.256|     62.412|     78.801|       0|     0|      1.683|     98.787
RTD|      2.253|     62.686|     87.833|       0|     0|      1.683|     98.787
RTD|      2.440|     64.134|     85.522|       0|     0|      1.683|     98.787
RTD|      2.746|     65.511|     88.651|       0|     0|      1.683|     98.787
RTD|      4.817|     66.416|     88.334|       0|     0|      1.683|     98.787
RTD|      2.251|     60.541|     89.807|       0|     0|      1.683|     98.787
RTD|      2.386|     63.437|     84.631|       0|     0|      1.683|     98.787
RTD|      3.590|     65.669|     91.113|       0|     0|      1.683|     98.787
RTD|      3.240|     67.041|     88.594|       0|     0|      1.683|     98.787
RTD|      2.243|     63.416|     83.295|       0|     0|      1.683|     98.787
RTD|      2.410|     60.600|     85.397|       0|     0|      1.683|     98.787
RTT|  00:04:55  (periodic user-mode task, 500 us period, priority 99)
RTH|----lat min|----lat avg|----lat max|-overrun|---msw|---lat best|--lat worst
RTD|      2.538|     63.769|     84.879|       0|     0|      1.683|     98.787
RTD|      2.358|     60.875|     86.944|       0|     0|      1.683|     98.787
RTD|      2.252|     62.614|     82.288|       0|     0|      1.683|     98.787
RTD|      2.359|     64.366|     85.801|       0|     0|      1.683|     98.787
RTD|      4.804|     66.004|     95.297|       0|     0|      1.683|     98.787
RTD|      4.943|     66.751|     86.238|       0|     0|      1.683|     98.787
RTD|      4.613|     67.115|     89.955|       0|     0|      1.683|     98.787
RTD|      4.381|     67.698|     90.399|       0|     0|      1.683|     98.787
RTD|      5.558|     67.246|     89.733|       0|     0|      1.683|     98.787
RTD|      3.904|     66.833|     89.779|       0|     0|      1.683|     98.787
RTD|      2.189|     46.066|     85.998|       0|     0|      1.683|     98.787
RTD|      2.399|     61.991|     86.610|       0|     0|      1.683|     98.787
RTD|      4.223|     64.066|     90.813|       0|     0|      1.683|     98.787
RTD|      2.498|     64.341|     94.748|       0|     0|      1.683|     98.787
RTD|      2.257|     54.908|     85.418|       0|     0|      1.683|     98.787
RTD|      2.413|     59.673|     84.361|       0|     0|      1.683|     98.787
RTD|      2.217|     64.403|     89.435|       0|     0|      1.683|     98.787
RTD|      2.454|     63.717|     90.107|       0|     0|      1.683|     98.787
RTD|      2.553|     61.776|     90.088|       0|     0|      1.683|     98.787
RTD|      2.232|     54.611|     86.538|       0|     0|      1.683|     98.787
RTD|      2.231|     63.989|     85.298|       0|     0|      1.683|     98.787
RTT|  00:05:16  (periodic user-mode task, 500 us period, priority 99)
RTH|----lat min|----lat avg|----lat max|-overrun|---msw|---lat best|--lat worst
RTD|      2.412|     63.646|     85.499|       0|     0|      1.683|     98.787
RTD|      2.525|     64.362|     91.185|       0|     0|      1.683|     98.787
RTD|      2.243|     64.050|     85.918|       0|     0|      1.683|     98.787
RTD|      2.398|     64.023|     89.632|       0|     0|      1.683|     98.787
RTD|      2.408|     64.623|     85.769|       0|     0|      1.683|     98.787
RTD|      2.366|     65.792|     90.773|       0|     0|      1.683|     98.787
RTD|      3.485|     67.064|     88.835|       0|     0|      1.683|     98.787
RTD|      3.070|     65.170|     87.928|       0|     0|      1.683|     98.787
RTD|      2.312|     64.373|     85.245|       0|     0|      1.683|     98.787
RTD|      2.216|     63.828|     95.512|       0|     0|      1.683|     98.787
RTD|      2.235|     66.066|     85.440|       0|     0|      1.683|     98.787
RTD|      2.276|     64.228|     89.216|       0|     0|      1.683|     98.787
RTD|      2.230|     65.873|     84.399|       0|     0|      1.683|     98.787
RTD|      2.899|     66.503|     87.605|       0|     0|      1.683|     98.787
RTD|      2.761|     64.902|     86.648|       0|     0|      1.683|     98.787
RTD|      2.496|     66.051|     89.727|       0|     0|      1.683|     98.787
RTD|      2.220|     65.195|     87.890|       0|     0|      1.683|     98.787
RTD|      2.230|     64.677|     87.178|       0|     0|      1.683|     98.787
RTD|      2.248|     64.400|     87.383|       0|     0|      1.683|     98.787
RTD|      2.370|     64.402|     87.594|       0|     0|      1.683|     98.787
RTD|      2.211|     53.675|     85.109|       0|     0|      1.683|     98.787
RTT|  00:05:37  (periodic user-mode task, 500 us period, priority 99)
RTH|----lat min|----lat avg|----lat max|-overrun|---msw|---lat best|--lat worst
RTD|      2.567|     66.763|     86.721|       0|     0|      1.683|     98.787
RTD|      2.308|     66.395|     82.702|       0|     0|      1.683|     98.787
RTD|      3.357|     66.562|     84.094|       0|     0|      1.683|     98.787
RTD|      2.334|     66.531|     84.387|       0|     0|      1.683|     98.787
RTD|      2.266|     64.030|     86.638|       0|     0|      1.683|     98.787
RTD|      2.266|     63.453|     82.178|       0|     0|      1.683|     98.787
RTD|      2.276|     63.944|     84.007|       0|     0|      1.683|     98.787
RTD|      2.251|     63.891|     81.938|       0|     0|      1.683|     98.787
RTD|      2.273|     64.342|     82.824|       0|     0|      1.683|     98.787
RTD|      2.289|     63.480|     85.998|       0|     0|      1.683|     98.787
RTD|      2.275|     65.977|     87.654|       0|     0|      1.683|     98.787
RTD|      3.313|     64.745|     79.828|       0|     0|      1.683|     98.787
RTD|      2.240|     61.219|     84.337|       0|     0|      1.683|     98.787
RTD|      2.185|     53.857|     84.509|       0|     0|      1.683|     98.787
RTD|      2.398|     63.495|     80.399|       0|     0|      1.683|     98.787
RTD|      2.276|     64.542|     81.642|       0|     0|      1.683|     98.787
RTD|      2.286|     63.949|     83.936|       0|     0|      1.683|     98.787
RTD|      2.441|     63.606|     83.080|       0|     0|      1.683|     98.787
RTD|      2.170|     64.313|     83.375|       0|     0|      1.683|     98.787
RTD|      2.834|     66.866|     85.996|       0|     0|      1.683|     98.787
RTD|      2.564|     65.338|     85.066|       0|     0|      1.683|     98.787
RTT|  00:05:58  (periodic user-mode task, 500 us period, priority 99)
RTH|----lat min|----lat avg|----lat max|-overrun|---msw|---lat best|--lat worst
RTD|      2.466|     66.275|     82.856|       0|     0|      1.683|     98.787
RTD|      2.706|     65.325|     82.227|       0|     0|      1.683|     98.787
RTD|      4.210|     66.007|     81.070|       0|     0|      1.683|     98.787
RTD|      2.651|     65.203|     83.760|       0|     0|      1.683|     98.787
RTD|      2.532|     66.821|     83.881|       0|     0|      1.683|     98.787
RTD|      2.482|     66.410|     83.456|       0|     0|      1.683|     98.787
RTD|      2.886|     65.461|     82.899|       0|     0|      1.683|     98.787
RTD|      2.274|     54.146|     83.000|       0|     0|      1.683|     98.787
RTD|      2.336|     58.559|     81.416|       0|     0|      1.683|     98.787
RTD|      2.201|     62.012|     80.603|       0|     0|      1.683|     98.787
RTD|      2.250|     64.614|     79.452|       0|     0|      1.683|     98.787
RTD|      2.220|     61.630|     80.633|       0|     0|      1.683|     98.787
RTD|      2.264|     55.885|     79.694|       0|     0|      1.683|     98.787
RTD|      2.372|     63.899|     82.518|       0|     0|      1.683|     98.787
RTD|      2.441|     65.946|     78.504|       0|     0|      1.683|     98.787
RTD|      2.478|     64.851|     83.542|       0|     0|      1.683|     98.787
RTD|      2.395|     65.441|     86.940|       0|     0|      1.683|     98.787
RTD|      2.244|     64.722|     80.333|       0|     0|      1.683|     98.787
RTD|      2.423|     62.634|     82.195|       0|     0|      1.683|     98.787
RTD|      2.636|     65.057|     80.966|       0|     0|      1.683|     98.787
RTD|      2.676|     66.610|     83.042|       0|     0|      1.683|     98.787
RTT|  00:06:19  (periodic user-mode task, 500 us period, priority 99)
RTH|----lat min|----lat avg|----lat max|-overrun|---msw|---lat best|--lat worst
RTD|      2.272|     62.439|     80.494|       0|     0|      1.683|     98.787
RTD|      4.374|     66.879|     85.470|       0|     0|      1.683|     98.787
RTD|      2.243|     64.318|     81.798|       0|     0|      1.683|     98.787
RTD|      2.521|     65.973|     84.539|       0|     0|      1.683|     98.787
RTD|      2.275|     65.720|     78.314|       0|     0|      1.683|     98.787
RTD|      2.698|     66.995|     83.283|       0|     0|      1.683|     98.787
RTD|      2.701|     66.449|     82.342|       0|     0|      1.683|     98.787
RTD|      2.332|     66.297|     89.551|       0|     0|      1.683|     98.787
RTD|      2.467|     66.711|     79.831|       0|     0|      1.683|     98.787
RTD|      2.616|     66.773|     79.979|       0|     0|      1.683|     98.787
RTD|      2.290|     59.785|     86.316|       0|     0|      1.683|     98.787
RTD|      2.282|     61.164|     83.620|       0|     0|      1.683|     98.787
RTD|      2.399|     65.595|     80.845|       0|     0|      1.683|     98.787
RTD|      2.525|     65.700|     81.559|       0|     0|      1.683|     98.787
RTD|      2.482|     64.263|     83.996|       0|     0|      1.683|     98.787
RTD|      4.801|     64.881|     81.263|       0|     0|      1.683|     98.787
RTD|      4.874|     64.305|     83.430|       0|     0|      1.683|     98.787
RTD|      2.413|     55.885|     82.042|       0|     0|      1.683|     98.787
RTD|      2.320|     62.302|     86.581|       0|     0|      1.683|     98.787
RTD|      2.422|     64.221|     78.097|       0|     0|      1.683|     98.787
RTD|      2.325|     63.829|     78.432|       0|     0|      1.683|     98.787
RTT|  00:06:40  (periodic user-mode task, 500 us period, priority 99)
RTH|----lat min|----lat avg|----lat max|-overrun|---msw|---lat best|--lat worst
RTD|      2.297|     64.164|     83.906|       0|     0|      1.683|     98.787
RTD|      2.744|     63.574|     77.498|       0|     0|      1.683|     98.787
RTD|      2.501|     62.110|     81.510|       0|     0|      1.683|     98.787
RTD|      2.271|     63.410|     81.809|       0|     0|      1.683|     98.787
RTD|      2.269|     62.932|     76.274|       0|     0|      1.683|     98.787
RTD|      2.342|     64.370|     77.447|       0|     0|      1.683|     98.787
RTD|      2.265|     63.834|     80.428|       0|     0|      1.683|     98.787
RTD|      2.707|     65.350|     78.963|       0|     0|      1.683|     98.787
RTD|      2.230|     63.619|     83.643|       0|     0|      1.683|     98.787
RTD|      3.423|     63.392|     83.798|       0|     0|      1.683|     98.787
RTD|      5.093|     66.403|     82.076|       0|     0|      1.683|     98.787
RTD|      2.220|     64.080|     82.840|       0|     0|      1.683|     98.787
RTD|      2.404|     64.828|     78.257|       0|     0|      1.683|     98.787
RTD|      2.230|     65.754|     86.034|       0|     0|      1.683|     98.787
RTD|      2.400|     63.775|     77.967|       0|     0|      1.683|     98.787
RTD|      2.237|     63.446|     90.860|       0|     0|      1.683|     98.787
RTD|      2.424|     58.943|     80.846|       0|     0|      1.683|     98.787
RTD|      2.295|     59.871|     84.314|       0|     0|      1.683|     98.787
RTD|      2.470|     61.118|     80.546|       0|     0|      1.683|     98.787
RTD|      2.388|     60.899|     83.572|       0|     0|      1.683|     98.787
RTD|      2.310|     62.542|     85.858|       0|     0|      1.683|     98.787
RTT|  00:07:01  (periodic user-mode task, 500 us period, priority 99)
RTH|----lat min|----lat avg|----lat max|-overrun|---msw|---lat best|--lat worst
RTD|      2.227|     61.077|     85.943|       0|     0|      1.683|     98.787
RTD|      2.509|     63.636|     82.118|       0|     0|      1.683|     98.787
RTD|      2.526|     63.313|     83.289|       0|     0|      1.683|     98.787
RTD|      2.672|     60.049|     81.332|       0|     0|      1.683|     98.787
RTD|      2.766|     63.294|     81.585|       0|     0|      1.683|     98.787
RTD|      2.235|     60.646|     83.173|       0|     0|      1.683|     98.787
RTD|      2.705|     61.244|     82.550|       0|     0|      1.683|     98.787
RTD|      2.371|     61.900|     80.173|       0|     0|      1.683|     98.787
RTD|      2.540|     60.853|     88.900|       0|     0|      1.683|     98.787
RTD|      2.420|     49.205|     82.521|       0|     0|      1.683|     98.787
RTD|      2.322|     58.966|     85.450|       0|     0|      1.683|     98.787
RTD|      2.210|     63.305|     78.405|       0|     0|      1.683|     98.787
RTD|      2.855|     65.359|     78.239|       0|     0|      1.683|     98.787
RTD|      2.990|     64.731|     82.254|       0|     0|      1.683|     98.787
RTD|      2.270|     57.763|     77.838|       0|     0|      1.683|     98.787
RTD|      2.227|     61.539|     91.889|       0|     0|      1.683|     98.787
RTD|      2.260|     61.741|     79.160|       0|     0|      1.683|     98.787
RTD|      2.561|     64.081|     82.678|       0|     0|      1.683|     98.787
RTD|      2.604|     61.413|     84.537|       0|     0|      1.683|     98.787
RTD|      2.342|     61.985|     81.803|       0|     0|      1.683|     98.787
RTD|      2.345|     44.779|     85.198|       0|     0|      1.683|     98.787
RTT|  00:07:22  (periodic user-mode task, 500 us period, priority 99)
RTH|----lat min|----lat avg|----lat max|-overrun|---msw|---lat best|--lat worst
RTD|      2.022|     26.032|     80.881|       0|     0|      1.683|     98.787
RTD|      5.046|     64.755|     84.085|       0|     0|      1.683|     98.787
RTD|      2.410|     55.888|     82.381|       0|     0|      1.683|     98.787
RTD|      2.271|     53.359|     82.445|       0|     0|      1.683|     98.787
RTD|      2.415|     52.328|     86.527|       0|     0|      1.683|     98.787
RTD|      2.285|     53.893|     87.490|       0|     0|      1.683|     98.787
RTD|      2.216|     52.919|     81.678|       0|     0|      1.683|     98.787
RTD|      2.275|     59.440|     82.522|       0|     0|      1.683|     98.787
RTD|      2.364|     57.133|     78.311|       0|     0|      1.683|     98.787
RTD|      2.351|     60.524|     82.950|       0|     0|      1.683|     98.787
RTD|      2.443|     61.260|     84.160|       0|     0|      1.683|     98.787
RTD|      2.295|     59.379|     81.110|       0|     0|      1.683|     98.787
RTD|      2.326|     59.880|     82.127|       0|     0|      1.683|     98.787
RTD|      2.386|     62.192|     82.506|       0|     0|      1.683|     98.787
RTD|      2.223|     52.044|     83.444|       0|     0|      1.683|     98.787
RTD|      2.740|     60.686|     80.104|       0|     0|      1.683|     98.787
RTD|      2.493|     61.743|     81.038|       0|     0|      1.683|     98.787
RTD|      2.411|     63.677|     85.576|       0|     0|      1.683|     98.787
RTD|      2.217|     62.238|     77.138|       0|     0|      1.683|     98.787
RTD|      2.463|     60.294|     81.982|       0|     0|      1.683|     98.787
RTD|      2.304|     64.619|     82.215|       0|     0|      1.683|     98.787
RTT|  00:07:43  (periodic user-mode task, 500 us period, priority 99)
RTH|----lat min|----lat avg|----lat max|-overrun|---msw|---lat best|--lat worst
RTD|      2.639|     66.274|     83.444|       0|     0|      1.683|     98.787
RTD|      2.468|     64.004|     78.502|       0|     0|      1.683|     98.787
RTD|      2.464|     61.804|     79.413|       0|     0|      1.683|     98.787
RTD|      2.459|     62.960|     84.999|       0|     0|      1.683|     98.787
RTD|      2.238|     60.833|     82.624|       0|     0|      1.683|     98.787
RTD|      2.734|     65.550|     80.905|       0|     0|      1.683|     98.787
RTD|      2.808|     59.133|     80.663|       0|     0|      1.683|     98.787
RTD|      2.254|     52.300|     77.452|       0|     0|      1.683|     98.787
RTD|      2.313|     53.233|     82.653|       0|     0|      1.683|     98.787
RTD|      2.491|     60.745|     85.063|       0|     0|      1.683|     98.787
RTD|      2.264|     54.803|     78.482|       0|     0|      1.683|     98.787
RTD|      2.234|     55.621|     83.415|       0|     0|      1.683|     98.787
RTD|      2.237|     52.485|     82.762|       0|     0|      1.683|     98.787
RTD|      2.199|     58.300|     83.174|       0|     0|      1.683|     98.787
RTD|      2.259|     53.447|     84.579|       0|     0|      1.683|     98.787
RTD|      2.418|     62.152|     84.965|       0|     0|      1.683|     98.787
RTD|      4.436|     63.899|     77.429|       0|     0|      1.683|     98.787
RTD|      2.276|     62.026|     81.415|       0|     0|      1.683|     98.787
RTD|      2.255|     56.376|     82.466|       0|     0|      1.683|     98.787
RTD|      2.204|     55.045|     86.379|       0|     0|      1.683|     98.787
RTD|      2.250|     53.172|     84.926|       0|     0|      1.683|     98.787
RTT|  00:08:04  (periodic user-mode task, 500 us period, priority 99)
RTH|----lat min|----lat avg|----lat max|-overrun|---msw|---lat best|--lat worst
RTD|      2.312|     57.788|     84.345|       0|     0|      1.683|     98.787
RTD|      2.201|     44.347|     81.216|       0|     0|      1.683|     98.787
RTD|      2.229|     43.975|     86.773|       0|     0|      1.683|     98.787
RTD|      2.223|     46.066|     82.898|       0|     0|      1.683|     98.787
RTD|      2.370|     54.076|     99.649|       0|     0|      1.683|     99.649
RTD|      2.259|     61.582|     85.469|       0|     0|      1.683|     99.649
RTD|      2.627|     65.114|     78.851|       0|     0|      1.683|     99.649
RTD|      2.728|     61.701|     96.551|       0|     0|      1.683|     99.649
RTD|      2.402|     64.310|     79.091|       0|     0|      1.683|     99.649
RTD|      2.274|     59.431|     80.385|       0|     0|      1.683|     99.649
RTD|      2.221|     58.702|     79.454|       0|     0|      1.683|     99.649
RTD|      2.231|     58.342|     78.220|       0|     0|      1.683|     99.649
RTD|      2.344|     60.965|     83.532|       0|     0|      1.683|     99.649
RTD|      2.352|     61.203|     82.487|       0|     0|      1.683|     99.649
RTD|      2.203|     58.234|     83.098|       0|     0|      1.683|     99.649
RTD|      2.493|     58.937|     80.955|       0|     0|      1.683|     99.649
RTD|      2.257|     62.858|     75.960|       0|     0|      1.683|     99.649
RTD|      2.662|     62.804|     78.844|       0|     0|      1.683|     99.649
RTD|      2.698|     65.434|     81.925|       0|     0|      1.683|     99.649
RTD|      2.215|     60.225|     83.098|       0|     0|      1.683|     99.649
RTD|      2.390|     63.596|     90.410|       0|     0|      1.683|     99.649
RTT|  00:08:25  (periodic user-mode task, 500 us period, priority 99)
RTH|----lat min|----lat avg|----lat max|-overrun|---msw|---lat best|--lat worst
RTD|      2.332|     63.335|     81.878|       0|     0|      1.683|     99.649
RTD|      2.566|     62.855|     84.050|       0|     0|      1.683|     99.649
RTD|      2.649|     63.455|     76.819|       0|     0|      1.683|     99.649
RTD|      2.371|     65.412|     79.254|       0|     0|      1.683|     99.649
RTD|      2.391|     62.631|     81.372|       0|     0|      1.683|     99.649
RTD|      2.291|     59.697|     81.878|       0|     0|      1.683|     99.649
RTD|      2.493|     64.146|     82.830|       0|     0|      1.683|     99.649
RTD|      2.239|     61.780|     79.164|       0|     0|      1.683|     99.649
RTD|      2.369|     62.715|     82.463|       0|     0|      1.683|     99.649
RTD|      2.369|     62.049|     82.638|       0|     0|      1.683|     99.649
RTD|      2.710|     66.203|     82.583|       0|     0|      1.683|     99.649
RTD|      2.266|     47.086|     83.649|       0|     0|      1.683|     99.649
RTD|      2.315|     59.472|     77.635|       0|     0|      1.683|     99.649
RTD|      2.623|     62.995|     81.937|       0|     0|      1.683|     99.649
RTD|      2.945|     64.560|     77.360|       0|     0|      1.683|     99.649
RTD|      2.433|     64.711|     84.965|       0|     0|      1.683|     99.649
RTD|      2.199|     56.832|     78.334|       0|     0|      1.683|     99.649
RTD|      2.721|     61.038|     82.736|       0|     0|      1.683|     99.649
RTD|      2.209|     61.012|     79.760|       0|     0|      1.683|     99.649
RTD|      2.186|     37.955|     87.205|       0|     0|      1.683|     99.649
RTD|      2.196|     45.234|     84.084|       0|     0|      1.683|     99.649
RTT|  00:08:46  (periodic user-mode task, 500 us period, priority 99)
RTH|----lat min|----lat avg|----lat max|-overrun|---msw|---lat best|--lat worst
RTD|      2.276|     55.052|     80.264|       0|     0|      1.683|     99.649
RTD|      2.228|     50.612|     82.676|       0|     0|      1.683|     99.649
RTD|      2.171|     55.434|     83.314|       0|     0|      1.683|     99.649
RTD|      2.323|     53.513|     78.793|       0|     0|      1.683|     99.649
RTD|      2.372|     54.304|     84.139|       0|     0|      1.683|     99.649
RTD|      2.162|     54.801|     79.648|       0|     0|      1.683|     99.649
RTD|      2.184|     49.949|     77.966|       0|     0|      1.683|     99.649
RTD|      2.259|     57.236|     81.661|       0|     0|      1.683|     99.649
RTD|      2.517|     59.448|     81.401|       0|     0|      1.683|     99.649
RTD|      2.369|     59.942|     77.696|       0|     0|      1.683|     99.649
RTD|      2.193|     57.260|     78.060|       0|     0|      1.683|     99.649
RTD|      2.275|     57.830|     80.949|       0|     0|      1.683|     99.649
RTD|      2.241|     57.817|     81.234|       0|     0|      1.683|     99.649
RTD|      2.210|     52.652|     81.252|       0|     0|      1.683|     99.649
RTD|      2.200|     33.792|     83.601|       0|     0|      1.683|     99.649
RTD|      2.382|     34.489|     83.311|       0|     0|      1.683|     99.649
RTD|      2.396|     62.508|     84.621|       0|     0|      1.683|     99.649
RTD|      4.378|     65.855|     83.147|       0|     0|      1.683|     99.649
RTD|      2.439|     57.887|     80.774|       0|     0|      1.683|     99.649
RTD|      2.259|     56.096|     80.880|       0|     0|      1.683|     99.649
RTD|      2.204|     56.050|     87.339|       0|     0|      1.683|     99.649
RTT|  00:09:07  (periodic user-mode task, 500 us period, priority 99)
RTH|----lat min|----lat avg|----lat max|-overrun|---msw|---lat best|--lat worst
RTD|      2.216|     53.617|     76.396|       0|     0|      1.683|     99.649
RTD|      2.165|     44.648|     78.188|       0|     0|      1.683|     99.649
RTD|      2.174|     17.924|     50.833|       0|     0|      1.683|     99.649
RTD|      2.184|     24.487|     53.632|       0|     0|      1.683|     99.649
RTD|      2.082|     26.285|     61.521|       0|     0|      1.683|     99.649
RTD|      2.195|     31.967|     57.061|       0|     0|      1.683|     99.649
RTD|      2.033|     31.721|     55.813|       0|     0|      1.683|     99.649
RTD|      2.103|     31.233|     56.155|       0|     0|      1.683|     99.649
RTD|      2.200|     34.850|     81.893|       0|     0|      1.683|     99.649
RTD|      2.191|     52.148|     80.398|       0|     0|      1.683|     99.649
RTD|      2.182|     50.809|     84.308|       0|     0|      1.683|     99.649
RTD|      2.185|     48.682|     80.391|       0|     0|      1.683|     99.649
RTD|      2.263|     45.433|     83.875|       0|     0|      1.683|     99.649
RTD|      2.340|     53.145|     84.348|       0|     0|      1.683|     99.649
RTD|      2.314|     50.738|     82.480|       0|     0|      1.683|     99.649
RTD|      2.246|     45.023|     80.034|       0|     0|      1.683|     99.649
RTD|      2.254|     51.846|     77.516|       0|     0|      1.683|     99.649
RTD|      2.174|     48.525|     82.247|       0|     0|      1.683|     99.649
RTD|      2.257|     49.528|     82.733|       0|     0|      1.683|     99.649
RTD|      2.234|     55.040|     85.286|       0|     0|      1.683|     99.649
RTD|      2.320|     48.341|     91.279|       0|     0|      1.683|     99.649
RTT|  00:09:28  (periodic user-mode task, 500 us period, priority 99)
RTH|----lat min|----lat avg|----lat max|-overrun|---msw|---lat best|--lat worst
RTD|      2.183|     25.036|     75.920|       0|     0|      1.683|     99.649
RTD|      2.009|     26.161|     78.189|       0|     0|      1.683|     99.649
RTD|      2.240|     21.917|     73.901|       0|     0|      1.683|     99.649
RTD|      2.203|     15.881|     57.514|       0|     0|      1.683|     99.649
RTD|      2.216|     19.306|     78.689|       0|     0|      1.683|     99.649
RTD|      2.209|     32.803|     82.707|       0|     0|      1.683|     99.649
RTD|      2.182|     43.998|     78.782|       0|     0|      1.683|     99.649
RTD|      2.216|     47.747|     94.411|       0|     0|      1.683|     99.649
RTD|      2.196|     41.774|     83.054|       0|     0|      1.683|     99.649
RTD|      2.287|     46.957|     85.893|       0|     0|      1.683|     99.649
RTD|      2.313|     45.170|     84.974|       0|     0|      1.683|     99.649
RTD|      2.285|     51.182|     82.830|       0|     0|      1.683|     99.649
RTD|      2.199|     44.374|     81.930|       0|     0|      1.683|     99.649
RTD|      2.395|     49.325|     78.447|       0|     0|      1.683|     99.649
RTD|      2.309|     48.305|     84.203|       0|     0|      1.683|     99.649
RTD|      2.253|     51.068|     88.751|       0|     0|      1.683|     99.649
RTD|      2.352|     49.777|     82.563|       0|     0|      1.683|     99.649
RTD|      2.245|     49.472|     83.410|       0|     0|      1.683|     99.649
RTD|      2.369|     51.745|     80.910|       0|     0|      1.683|     99.649
RTD|      2.231|     47.786|     79.074|       0|     0|      1.683|     99.649
RTD|      2.247|     44.693|     84.816|       0|     0|      1.683|     99.649
RTT|  00:09:49  (periodic user-mode task, 500 us period, priority 99)
RTH|----lat min|----lat avg|----lat max|-overrun|---msw|---lat best|--lat worst
RTD|      2.181|     48.410|     80.035|       0|     0|      1.683|     99.649
---|-----------|-----------|-----------|--------|------|-------------------------
RTS|      1.683|     39.121|     99.649|       0|     0|    00:09:49/00:09:49
